atnpd=[4901078
4900865
4900866
4900867
4900868
4900869
4900870
4900871
4900872
4900873
4900874
4900875
4900876
4900877
4900878
4900879
4900880
4900881
4900882
4900883
4901085
4901086
4901087
4901088
4901089
4901090
4901091
4901092
4901093
4901094
4901095
4901096
4901097
4901098
4901099
4901100
4901101
4901102
4901103
4901104
4901106
4901107
4901108
4901109
4901110
4901111];
